87
1
7
73
60
16
2
73
9
8
93
60
53
87
54
44
69
30
7
59
13
12
55
13
4
71
97
15
30
58
54
19
42
92
28
46
59
11
57
64
98
81
37
37
13
6
68
47
91
12
100
39
31
88
68
74
90
22
98
74
32
8
68
5
11
44
22
9
90
78
94
48
71
13
2
66
40
93
23
95
70
10
50
97
54
38
59
81
16
60
21
59
7
45
64
65
48
63
36
10
98
87
15
27
94
94
74
38
70
49
93
58
37
64
41
83
48
98
92
88
15
2
4
9
9
3
67
8
46
44
55
86
1
88
45
88
23
56
81
89
58
16
91
69
44
29
36
28
87
77
57
11
99
67
25
34
80
77
23
0
34
91
11
43
64
94
74
97
60
83
9
91
47
3
3
22
0
2
73
32
30
5
82
69
85
22
39
4
21
10
93
96
64
81
11
24
37
50
35
45
74
44
76
98
69
22
82
9
87
56
19
40
6
31
59
45
38
6
66
35
79
33
47
0
72
91
72
32
49
90
63
70
24
26
42
58
43
72
7
43
87
95
23
43
8
16
68
40
43
55
66
84
69
55
42
70
37
94
41
31
85
95
52
58
100
18
34
76
75
72
51
65
57
46
68
38
32
3
97
32
39
28
57
9
83
0
45
28
28
95
64
75
85
73
40
41
99
11
64
71


