21
5
1
17
04
50
6
17
3
2
37
04
97
21
98
88
03
74
1
93
57
56
99
57
8
15
31
59
74
92
98
53
86
36
62
80
93
55
91
08
32
25
71
71
57
0
02
81
35
56
544
73
75
22
02
18
34
66
32
18
76
2
02
9
55
88
66
3
34
12
38
82
15
57
6
00
84
37
67
39
14
54
94
31
98
72
93
25
50
04
65
93
1
89
08
09
82
07
70
54
32
21
59
61
38
38
18
72
14
83
37
92
71
08
85
27
82
32
36
22
59
6
8
3
3
7
01
2
80
88
99
20
5
22
89
22
67
90
25
23
92
50
35
03
88
63
70
62
21
11
91
55
33
01
69
78
24
11
67
4
78
35
55
87
08
38
18
31
04
27
3
35
81
7
7
66
4
6
17
76
74
9
26
03
29
66
73
8
65
54
37
30
08
25
55
68
71
94
79
89
18
88
10
32
03
66
26
3
21
90
53
84
0
75
93
89
72
0
00
79
13
77
81
4
16
35
16
76
83
34
07
14
68
60
86
92
87
16
1
87
21
39
67
87
2
50
02
84
87
99
00
28
03
99
86
14
71
38
85
75
29
39
96
92
544
52
78
10
19
16
95
09
91
80
02
72
76
7
31
76
73
62
91
3
27
4
89
62
62
39
08
19
29
17
84
85
33
55
08
15

